2048870091
1013440928
1596914198
1748805120
1129349717
1383332629
1187596662
2040111355
1125708320
269704381
208812216
1307575299
1939086460
476548477
1120921475
27349281
224750039
2108600612
361562360
2108808125
1183376707
876440054
1793064367
457825264
386915223
1692225511
2136513255
1946504232
1760340937
520057925
1744663260
122170505
1219596544
2143814395
59592758
861820145
309706943
527380736
1135111076
1444668401
199312759
503981308
1418500380
1202670440
1036971212
603346420
1936184633
62592993
1389212319
234822241
1312539956
1477032022
976271661
563216572
2013217701
1287683827
1097954081
1751385794
232261960
1618140540
1416859462
1935323243
190007228
2022618445
579076340
236051391
1190062221
296522758
865555845
418712594
1150530069
1187877852
126940164
1918826185
177146637
2023884911
2123886898
28830571
1380506258
1895344327
1299596827
1554503716
971407737
500730253
1301168216
246207639
73030538
1222517056
1434644293
608518948
1881821818
1486078646
1244390675
301934821
186443392
1827161454
1059748029
925083048
2130447779
1682431166
1695672849
1141746014
979458002
113729137
1478604441
659980170