1716292714
1083233540
1227602927
1830267350
2068437249
684916975
1414666854
318986596
426426822
341737491
105252137
1625485449
606963436
1560098024
1034355136
1422178673
1494144677
471502595
872169600
55173107
2034950152
1120544876
541413386
960265236
1797339030
1741821046
1904731990
18439521
1438395993
552835796
36111017
1021127592
556980051
1536047715
840807544
1073481188
295068011
1517905502
703207802
1403138785
855507157
756115055
1118877825
1487085677
1323659422
1596626396
1100977104
32564634
2135440123
769365718
206768298
953835938
1267946794
171888272
128033385
1152544432
410369711
834047800
2112777357
857331395
1717469273
1198879760
954322194
1543551670
951227646
1552465153
145803047
252861008
1621829806
196436681
1220988663
1978794708
121975527
1170030856
1828634
675050930
1805790556
457791167
1294478273
1714465968
779591355
1698877317
1354335152
156846720
648340531
617712974
1075374715
1329877178
1597870095
1580499276
13267489
1098958915
2020637879
1431898760
1083076524
886345151
617187509
674397978
977179501
367054226
2117826174
1118151752
1514594613
924456177
801052795
1255869502