386561
19320124
1292670487
281512165
1696815812
2005313861
2090194022
1391906582
1733514278
697764695
2085571721
1852483582
85093815
2101634710
1758963789
1722699564
454262247
2039393619
747026380
773698716
1818434586
1103305148
679516627
971260885
1562924306
453553999
1470709422
100519268
1582393174
1242765954
1505807951
1032377948
1558673547
1942875153
1993901985
270690380
1018886728
330698031
1590687559
205967490
1413038394
365331267
432232359
1306898734
1227763188
1669033219
618553797
1980667485
61742638
760810917
1080773371
1990951838
397044754
1355791431
383691920
2020458800
782610469
1598557953
733682081
1714916033
533956160
962237767
461493545
2098387825
1508783728
758982121
1408922601
349208057
2067819936
296254667
2046763700
1963493166
1102438103
114189873
610286169
1962652459
1334654543
257397357
267844596
968541452
279016492
1900043725
1502121538
572153950
1412141145
487242310
1069315001
327085418
2008292738
966161599
2132834810
979063448
1578317096
1426531652
399535040
125814639
1662552450
1239175268
157300555
864532662
1975649750
1577206170
1966358877
212563272
1157052269
1673437254