1677646830
842437410
300505224
1834858593
955537016
431460167
1872060966
1916103072
498780310
1761879802
771135562
720564422
1579594389
1064468809
1755509365
1580564759
86437775
1426893027
2031815930
702185258
673273702
1231633103
1609214311
158482556
287703637
1281944146
494315810
671888722
720667324
1701266509
922526759
409609875
231036406
496181786
2084368342
1988737777
1270207168
1403970257
1924293321
1679541446
1337353815
112843470
691832701
1684780746
1592672736
545721404
947319372
491662807
861092472
568433124
2093050422
391309258
1321780673
1150856827
850077382
880951122
1897996287
1657060116
787760897
1650875592
171728131
1614103502
253891676
560287779
1456186249
2032384752
65388691
879474435
1560162850
403873522
864453183
1428602575
575302788
1275256874
348493640
357224151
1270320161
1657864191
856363802
1750612078
292882887
350132290
784471706
118971701
2121233641
1207685927
1618041918
2018858491
633013676
1558478472
1645602441
1607150749
1113430822
101865137
115042163
1663702287
1901260621
882199276
559317823
347702129
271505384
1809965373
856367344
124747760
1266220526
286525242