219908193
909136571
1922351873
543535220
1677558048
559321294
1839238478
1489069001
783630234
1032164230
56490275
775912669
182416514
1880318721
1273787341
37150147
1112389145
989363198
1426706338
1475621701
1261805019
109183308
1249761813
738642189
816366642
1013784200
1543595524
1713969790
1843870010
1687646268
441542327
1422057763
1988400276
1006292394
1308259373
2122281870
71285433
1784313065
824555038
1314762234
1020326393
2032342976
2129626211
578274626
1215412023
409529159
1882725869
2085770435
771599000
1837431812
968004950
540192004
1946605620
1845788692
1805195802
2130843128
941817938
1221078789
779198150
1914911072
956936075
1008366143
686408251
2080284311
1234712024
2053342317
1000363509
478317048
29606
1372180249
1542884518
832492361
914799931
1697060978
949344556
1821258395
671841687
1310161856
1674947689
679492270
605506684
656698032
472614742
1679265927
397605805
1862120780
492175472
964323522
1607728720
1590556908
1926708646
1034713565
379758800
1315524004
2001520809
444432833
2082866282
948789269
669873740
426644290
1369114209
894902119
295731925
319470905
1862520301
1859861382