265578842
1185016093
1412076041
983414874
768530675
1553210973
1485787319
871082128
1621407791
1958580259
595619578
420508373
768565881
1042389041
1520325696
448631425
1360954516
479273945
1566261175
1443971542
420847072
1302275245
1886862538
507794557
1883696960
513652423
1078248655
1418439460
74155176
741267506
1125005596
701260200
1975180028
375233323
722578396
1911910105
508482245
1665426373
531598752
1686440885
1216362214
1455033226
340893958
1135087447
812649080
2082003756
1562490295
915928220
399634462
481948811
908683728
918559956
673206622
1530175144
180962619
1631082373
775054460
1105077720
101155163
319232708
723567101
599529761
688701391
201360648
2142783901
679914953
62163640
950285198
200031385
1760681615
1391892894
651413612
295171189
1680223284
2031580144
805296648
616900281
1138158554
386140160
947580383
602026717
440994764
1221424868
1185942067
58328479
806192956
1523521771
592320222
1733288253
511024408
1119234462
274132389
1713608860
1724340127
276227250
1960003846
956564841
1518881859
933654636
1441075082
97006587
470492701
2005230692
532887747
1740531245
611518265