1082653622
1910965444
744208358
1637235833
457773829
1075386267
1163727222
425238434
304763871
386752427
1246715937
1659616573
1786388805
1102809849
2106665015
507374559
1468603221
1358658778
948540828
823384132
1798193615
752308897
2024741761
1981462956
917376003
28882133
197209411
81474039
2071264699
1116443255
651610621
970626923
1009952453
221633073
216617739
358345274
1531907020
705460667
1015864985
1864545395
1122088157
1442821615
1986360200
191295033
34084120
1073218768
770840312
1310113955
362900863
1424066277
22737098
2082004591
2012249139
1038071733
258530994
318214540
918248497
229555500
143926887
795262973
1811372195
2062977499
1484030530
1859695426
1760862920
1061833326
2097238841
2139427711
1092436670
1575135894
2025926089
860319872
1353617027
887988637
2036724313
1943301180
1289437446
1976726093
659575181
520227780
2062619142
1603365077
1488187833
239252394
192105174
715901425
995547254
1600342782
793260226
1124991502
2080328240
1214863924
876912044
1835136856
1552434542
1099894209
1199098056
2103635898
301693887
1865646181
302769759
365123788
1202695608
728523601
383436531
1057389977