2018153891
1255141078
1671921176
16974895
1149424729
1336542827
566770640
23220864
1710808345
2131590948
1455909742
2067563304
1250932318
803054337
1344633747
1451777852
1968421873
668163613
537410370
1819808291
1867898239
777024547
1276689037
758604658
115108736
1243811505
1655666098
66223205
528869398
1789248296
977574330
1043763882
1798631996
933490991
2037646595
1633114777
927064502
2061980338
1924597458
671428973
567227340
1268230191
684534330
104666792
1556314974
1795245936
495167125
1161559777
413779353
1850785016
451195185
774060186
1457275465
536245818
1371596415
1369443326
1511401798
980750883
1767156033
1843409762
1787511095
182408784
648576797
1518978234
327537892
763575098
2045284825
89644666
1296043436
889819039
1758348002
1932241949
283419004
1237394230
1543015310
1420052765
1110575092
267442736
1730672920
1766066951
1025061104
292586072
662524711
1563489266
1488865199
1955540561
932507149
1311804632
2056236458
95687958
2027901954
1042519599
1886687939
1358581627
2051494935
645525090
2094768073
454890726
1364741263
1056464103
1148912309
1969658572
1890825776
792933166
204522266
1367011437