386561
19320124
1292670487
281512165
1696815812
2005313861
2090194022
1391906582
1733514278
697764695
2085571721
1852483582
85093815
2101634710
1758963789
1722699564
454262247
2039393619
747026380
773698716
1818434586
1103305148
679516627
971260885
1562924306
453553999
1470709422
100519268
1582393174
1242765954
1505807951
1032377948
1558673547
1942875153
1993901985
270690380
1018886728
330698031
1590687559
205967490
1413038394
365331267
432232359
1306898734
1227763188
1669033219
618553797
1980667485
61742638
760810917
1080773371
1990951838
397044754
1355791431
383691920
2020458800
782610469
1598557953
733682081
1714916033
533956160
962237767
461493545
2098387825
1508783728
758982121
1408922601
349208057
2067819936
296254667
2046763700
1963493166
1102438103
114189873
610286169
1962652459
1334654543
257397357
267844596
968541452
279016492
1900043725
1502121538
572153950
1412141145
487242310
1069315001
327085418
2008292738
966161599
2132834810
979063448
1578317096
1426531652
399535040
125814639
1662552450
1239175268
157300555
864532662
1975649750
1577206170
1966358877
212563272
1157052269
1673437254
413613913
2136328032
1326096703
543805066
1081594577
1174420679
2092267839
1807127005
217513958
1391913292
294084909
1087778747
244419298
896783884
251969896
1387038229
411885345
1912251152
1481343124
1510865744
747688837
60962665
2000782125
435451660
389303346
589460113
833824291
1642978589
1187466801
2103185125
1750228082
137773641
397107885
802483426
786785663
325329945
202905930
117647709
1628371024
121439070
1391148951
1315173098
1023972889
1422610466
238288220
1429019887
1902001616
1745042933
1834813054
738285421
189335310
2042328844
1877803060
1707985674
22947359
600811583
1973983268
1252824936
70042951
316904022
75438618
584482371
536002134
965175877
1410237654
972869173
1720452947
1388184167
1013305787
1349263053
482219331
1812510955
1513947341
1959378461
499590437
1788053391
681128786
2025650652
1613287123
1641226838
1890953301
852688209
1203176468
1703377999
396597410
181447180
1983860858
367729420
899922735
558392693
425210134
2112717517
914921770
1759776165
1846654256
1732260446
266573208
846366902
751262301
180403618
492961609
632105432
14505618
571466794
775069176
938035937
1716292714
1083233540
1227602927
1830267350
2068437249
684916975
1414666854
318986596
426426822
341737491
105252137
1625485449
606963436
1560098024
1034355136
1422178673
1494144677
471502595
872169600
55173107
2034950152
1120544876
541413386
960265236
1797339030
1741821046
1904731990
18439521
1438395993
552835796
36111017
1021127592
556980051
1536047715
840807544
1073481188
295068011
1517905502
703207802
1403138785
855507157
756115055
1118877825
1487085677
1323659422
1596626396
1100977104
32564634
2135440123
769365718
206768298
953835938
1267946794
171888272
128033385
1152544432
410369711
834047800
2112777357
857331395
1717469273
1198879760
954322194
1543551670
951227646
1552465153
145803047
252861008
1621829806
196436681
1220988663
1978794708
121975527
1170030856
1828634
675050930
1805790556
457791167
1294478273
1714465968
779591355
1698877317
1354335152
156846720
648340531
617712974
1075374715
1329877178
1597870095
1580499276
13267489
1098958915
2020637879
1431898760
1083076524
886345151
617187509
674397978
977179501
367054226
2117826174
1118151752
1514594613
924456177
801052795
1255869502
76575190
646920797
310658345
304007768
660279328
158179466
936475847
1747438488
892846650
154974214
515060612
1879275098
1221122052
1781696551
458458142
1713938308
662261344
639320289
1060248043
1266039876
1226573322
1134292571
2052069881
1190697528
1561097278
1975759635
159599501
307484841
636529921
2074811895
1569075947
848767862
1679015268
1905117608
972628790
1286631719
962839897
621633008
973601222
238789598
1223897921
359233845
878964728
398645597
743709056
280706781
455067577
752230378
1338964239
1518622733
1054204389
760977306
141351374
725071353
1215336461
766117387
957435417
2090679308
1337924865
737846079
100051869
1796263139
205057606
374498672
607258189
1317516690
1813146861
765935509
222738087
1980689696
858412924
1003351257
333898228
1501090794
221970880
1926128995
1337236498
1369651145
1631328980
631563152
265092720
742407272
444019368
529067924
493939830
110000355
1081227185
1223678395
1736478637
423514879
772251490
357153062
651678245
378722654
1383600292
1437260245
425007580
1601039840
1301298431
1729168016
680766821
679957713
1130640076
891344195
2091343046
487046712
2048870091
1013440928
1596914198
1748805120
1129349717
1383332629
1187596662
2040111355
1125708320
269704381
208812216
1307575299
1939086460
476548477
1120921475
27349281
224750039
2108600612
361562360
2108808125
1183376707
876440054
1793064367
457825264
386915223
1692225511
2136513255
1946504232
1760340937
520057925
1744663260
122170505
1219596544
2143814395
59592758
861820145
309706943
527380736
1135111076
1444668401
199312759
503981308
1418500380
1202670440
1036971212
603346420
1936184633
62592993
1389212319
234822241
1312539956
1477032022
976271661
563216572
2013217701
1287683827
1097954081
1751385794
232261960
1618140540
1416859462
1935323243
190007228
2022618445
579076340
236051391
1190062221
296522758
865555845
418712594
1150530069
1187877852
126940164
1918826185
177146637
2023884911
2123886898
28830571
1380506258
1895344327
1299596827
1554503716
971407737
500730253
1301168216
246207639
73030538
1222517056
1434644293
608518948
1881821818
1486078646
1244390675
301934821
186443392
1827161454
1059748029
925083048
2130447779
1682431166
1695672849
1141746014
979458002
113729137
1478604441
659980170
265578842
1185016093
1412076041
983414874
768530675
1553210973
1485787319
871082128
1621407791
1958580259
595619578
420508373
768565881
1042389041
1520325696
448631425
1360954516
479273945
1566261175
1443971542
420847072
1302275245
1886862538
507794557
1883696960
513652423
1078248655
1418439460
74155176
741267506
1125005596
701260200
1975180028
375233323
722578396
1911910105
508482245
1665426373
531598752
1686440885
1216362214
1455033226
340893958
1135087447
812649080
2082003756
1562490295
915928220
399634462
481948811
908683728
918559956
673206622
1530175144
180962619
1631082373
775054460
1105077720
101155163
319232708
723567101
599529761
688701391
201360648
2142783901
679914953
62163640
950285198
200031385
1760681615
1391892894
651413612
295171189
1680223284
2031580144
805296648
616900281
1138158554
386140160
947580383
602026717
440994764
1221424868
1185942067
58328479
806192956
1523521771
592320222
1733288253
511024408
1119234462
274132389
1713608860
1724340127
276227250
1960003846
956564841
1518881859
933654636
1441075082
97006587
470492701
2005230692
532887747
1740531245
611518265
219908193
909136571
1922351873
543535220
1677558048
559321294
1839238478
1489069001
783630234
1032164230
56490275
775912669
182416514
1880318721
1273787341
37150147
1112389145
989363198
1426706338
1475621701
1261805019
109183308
1249761813
738642189
816366642
1013784200
1543595524
1713969790
1843870010
1687646268
441542327
1422057763
1988400276
1006292394
1308259373
2122281870
71285433
1784313065
824555038
1314762234
1020326393
2032342976
2129626211
578274626
1215412023
409529159
1882725869
2085770435
771599000
1837431812
968004950
540192004
1946605620
1845788692
1805195802
2130843128
941817938
1221078789
779198150
1914911072
956936075
1008366143
686408251
2080284311
1234712024
2053342317
1000363509
478317048
29606
1372180249
1542884518
832492361
914799931
1697060978
949344556
1821258395
671841687
1310161856
1674947689
679492270
605506684
656698032
472614742
1679265927
397605805
1862120780
492175472
964323522
1607728720
1590556908
1926708646
1034713565
379758800
1315524004
2001520809
444432833
2082866282
948789269
669873740
426644290
1369114209
894902119
295731925
319470905
1862520301
1859861382
2018153891
1255141078
1671921176
16974895
1149424729
1336542827
566770640
23220864
1710808345
2131590948
1455909742
2067563304
1250932318
803054337
1344633747
1451777852
1968421873
668163613
537410370
1819808291
1867898239
777024547
1276689037
758604658
115108736
1243811505
1655666098
66223205
528869398
1789248296
977574330
1043763882
1798631996
933490991
2037646595
1633114777
927064502
2061980338
1924597458
671428973
567227340
1268230191
684534330
104666792
1556314974
1795245936
495167125
1161559777
413779353
1850785016
451195185
774060186
1457275465
536245818
1371596415
1369443326
1511401798
980750883
1767156033
1843409762
1787511095
182408784
648576797
1518978234
327537892
763575098
2045284825
89644666
1296043436
889819039
1758348002
1932241949
283419004
1237394230
1543015310
1420052765
1110575092
267442736
1730672920
1766066951
1025061104
292586072
662524711
1563489266
1488865199
1955540561
932507149
1311804632
2056236458
95687958
2027901954
1042519599
1886687939
1358581627
2051494935
645525090
2094768073
454890726
1364741263
1056464103
1148912309
1969658572
1890825776
792933166
204522266
1367011437
1677646830
842437410
300505224
1834858593
955537016
431460167
1872060966
1916103072
498780310
1761879802
771135562
720564422
1579594389
1064468809
1755509365
1580564759
86437775
1426893027
2031815930
702185258
673273702
1231633103
1609214311
158482556
287703637
1281944146
494315810
671888722
720667324
1701266509
922526759
409609875
231036406
496181786
2084368342
1988737777
1270207168
1403970257
1924293321
1679541446
1337353815
112843470
691832701
1684780746
1592672736
545721404
947319372
491662807
861092472
568433124
2093050422
391309258
1321780673
1150856827
850077382
880951122
1897996287
1657060116
787760897
1650875592
171728131
1614103502
253891676
560287779
1456186249
2032384752
65388691
879474435
1560162850
403873522
864453183
1428602575
575302788
1275256874
348493640
357224151
1270320161
1657864191
856363802
1750612078
292882887
350132290
784471706
118971701
2121233641
1207685927
1618041918
2018858491
633013676
1558478472
1645602441
1607150749
1113430822
101865137
115042163
1663702287
1901260621
882199276
559317823
347702129
271505384
1809965373
856367344
124747760
1266220526
286525242
1082653622
1910965444
744208358
1637235833
457773829
1075386267
1163727222
425238434
304763871
386752427
1246715937
1659616573
1786388805
1102809849
2106665015
507374559
1468603221
1358658778
948540828
823384132
1798193615
752308897
2024741761
1981462956
917376003
28882133
197209411
81474039
2071264699
1116443255
651610621
970626923
1009952453
221633073
216617739
358345274
1531907020
705460667
1015864985
1864545395
1122088157
1442821615
1986360200
191295033
34084120
1073218768
770840312
1310113955
362900863
1424066277
22737098
2082004591
2012249139
1038071733
258530994
318214540
918248497
229555500
143926887
795262973
1811372195
2062977499
1484030530
1859695426
1760862920
1061833326
2097238841
2139427711
1092436670
1575135894
2025926089
860319872
1353617027
887988637
2036724313
1943301180
1289437446
1976726093
659575181
520227780
2062619142
1603365077
1488187833
239252394
192105174
715901425
995547254
1600342782
793260226
1124991502
2080328240
1214863924
876912044
1835136856
1552434542
1099894209
1199098056
2103635898
301693887
1865646181
302769759
365123788
1202695608
728523601
383436531
1057389977
