76575190
646920797
310658345
304007768
660279328
158179466
936475847
1747438488
892846650
154974214
515060612
1879275098
1221122052
1781696551
458458142
1713938308
662261344
639320289
1060248043
1266039876
1226573322
1134292571
2052069881
1190697528
1561097278
1975759635
159599501
307484841
636529921
2074811895
1569075947
848767862
1679015268
1905117608
972628790
1286631719
962839897
621633008
973601222
238789598
1223897921
359233845
878964728
398645597
743709056
280706781
455067577
752230378
1338964239
1518622733
1054204389
760977306
141351374
725071353
1215336461
766117387
957435417
2090679308
1337924865
737846079
100051869
1796263139
205057606
374498672
607258189
1317516690
1813146861
765935509
222738087
1980689696
858412924
1003351257
333898228
1501090794
221970880
1926128995
1337236498
1369651145
1631328980
631563152
265092720
742407272
444019368
529067924
493939830
110000355
1081227185
1223678395
1736478637
423514879
772251490
357153062
651678245
378722654
1383600292
1437260245
425007580
1601039840
1301298431
1729168016
680766821
679957713
1130640076
891344195
2091343046
487046712