413613913
2136328032
1326096703
543805066
1081594577
1174420679
2092267839
1807127005
217513958
1391913292
294084909
1087778747
244419298
896783884
251969896
1387038229
411885345
1912251152
1481343124
1510865744
747688837
60962665
2000782125
435451660
389303346
589460113
833824291
1642978589
1187466801
2103185125
1750228082
137773641
397107885
802483426
786785663
325329945
202905930
117647709
1628371024
121439070
1391148951
1315173098
1023972889
1422610466
238288220
1429019887
1902001616
1745042933
1834813054
738285421
189335310
2042328844
1877803060
1707985674
22947359
600811583
1973983268
1252824936
70042951
316904022
75438618
584482371
536002134
965175877
1410237654
972869173
1720452947
1388184167
1013305787
1349263053
482219331
1812510955
1513947341
1959378461
499590437
1788053391
681128786
2025650652
1613287123
1641226838
1890953301
852688209
1203176468
1703377999
396597410
181447180
1983860858
367729420
899922735
558392693
425210134
2112717517
914921770
1759776165
1846654256
1732260446
266573208
846366902
751262301
180403618
492961609
632105432
14505618
571466794
775069176
938035937